1.590000000000000000e+02 2.750000000000000000e+02
1.620000000000000000e+02 3.070000000000000000e+02
1.670000000000000000e+02 3.390000000000000000e+02
1.730000000000000000e+02 3.720000000000000000e+02
1.840000000000000000e+02 4.030000000000000000e+02
2.050000000000000000e+02 4.280000000000000000e+02
2.320000000000000000e+02 4.480000000000000000e+02
2.610000000000000000e+02 4.640000000000000000e+02
2.940000000000000000e+02 4.690000000000000000e+02
3.280000000000000000e+02 4.650000000000000000e+02
3.600000000000000000e+02 4.490000000000000000e+02
3.890000000000000000e+02 4.300000000000000000e+02
4.090000000000000000e+02 4.030000000000000000e+02
4.180000000000000000e+02 3.710000000000000000e+02
4.230000000000000000e+02 3.370000000000000000e+02
4.270000000000000000e+02 3.040000000000000000e+02
4.270000000000000000e+02 2.700000000000000000e+02
1.800000000000000000e+02 2.530000000000000000e+02
1.990000000000000000e+02 2.410000000000000000e+02
2.240000000000000000e+02 2.400000000000000000e+02
2.470000000000000000e+02 2.480000000000000000e+02
2.690000000000000000e+02 2.580000000000000000e+02
3.130000000000000000e+02 2.590000000000000000e+02
3.340000000000000000e+02 2.480000000000000000e+02
3.580000000000000000e+02 2.400000000000000000e+02
3.830000000000000000e+02 2.410000000000000000e+02
4.040000000000000000e+02 2.540000000000000000e+02
2.900000000000000000e+02 2.860000000000000000e+02
2.900000000000000000e+02 3.070000000000000000e+02
2.900000000000000000e+02 3.270000000000000000e+02
2.890000000000000000e+02 3.490000000000000000e+02
2.670000000000000000e+02 3.670000000000000000e+02
2.780000000000000000e+02 3.690000000000000000e+02
2.900000000000000000e+02 3.710000000000000000e+02
3.030000000000000000e+02 3.690000000000000000e+02
3.150000000000000000e+02 3.660000000000000000e+02
2.080000000000000000e+02 2.830000000000000000e+02
2.230000000000000000e+02 2.770000000000000000e+02
2.400000000000000000e+02 2.790000000000000000e+02
2.530000000000000000e+02 2.920000000000000000e+02
2.370000000000000000e+02 2.950000000000000000e+02
2.200000000000000000e+02 2.920000000000000000e+02
3.310000000000000000e+02 2.910000000000000000e+02
3.430000000000000000e+02 2.790000000000000000e+02
3.600000000000000000e+02 2.760000000000000000e+02
3.760000000000000000e+02 2.820000000000000000e+02
3.630000000000000000e+02 2.910000000000000000e+02
3.460000000000000000e+02 2.930000000000000000e+02
2.450000000000000000e+02 4.040000000000000000e+02
2.630000000000000000e+02 3.970000000000000000e+02
2.790000000000000000e+02 3.910000000000000000e+02
2.920000000000000000e+02 3.950000000000000000e+02
3.040000000000000000e+02 3.900000000000000000e+02
3.220000000000000000e+02 3.950000000000000000e+02
3.420000000000000000e+02 4.010000000000000000e+02
3.230000000000000000e+02 4.170000000000000000e+02
3.060000000000000000e+02 4.240000000000000000e+02
2.930000000000000000e+02 4.260000000000000000e+02
2.790000000000000000e+02 4.250000000000000000e+02
2.630000000000000000e+02 4.190000000000000000e+02
2.520000000000000000e+02 4.060000000000000000e+02
2.790000000000000000e+02 4.060000000000000000e+02
2.920000000000000000e+02 4.070000000000000000e+02
3.040000000000000000e+02 4.050000000000000000e+02
3.350000000000000000e+02 4.030000000000000000e+02
3.050000000000000000e+02 4.050000000000000000e+02
2.930000000000000000e+02 4.070000000000000000e+02
2.800000000000000000e+02 4.060000000000000000e+02
